1.000000
-->4
0
0.707107
1.70711
2.41421
2.414214
-->200
0
0.0157073
0.0471181
0.0942245
0.157015
0.235474
0.329582
0.439317
0.56465
0.705551
0.861986
1.03391
1.2213
1.42408
1.64223
1.87567
2.12436
2.38823
2.66723
2.96127
3.27028
3.5942
3.93294
4.28641
4.65454
5.03722
5.43437
5.84588
6.27166
6.7116
7.16559
7.63352
8.11528
8.61073
9.11978
9.64227
10.1781
10.7271
11.2892
11.8642
12.452
13.0524
13.6653
14.2906
14.928
15.5774
16.2388
16.9118
17.5963
18.2922
18.9993
19.7175
20.4464
21.1861
21.9362
22.6966
23.4671
24.2475
25.0377
25.8374
26.6464
27.4645
28.2916
29.1274
29.9717
30.8244
31.6851
32.5538
33.4301
34.3138
35.2048
36.1029
37.0077
37.9191
38.8368
39.7607
40.6905
41.6259
42.5668
43.5129
44.464
45.4198
46.3801
47.3446
48.3132
49.2856
50.2615
51.2407
52.223
53.2081
54.1958
55.1858
56.1779
57.1719
58.1675
59.1644
60.1624
61.1613
62.1608
63.1607
64.1607
65.1605
66.1601
67.1589
68.157
69.1539
70.1494
71.1434
72.1355
73.1255
74.1132
75.0983
76.0806
77.0599
78.0358
79.0081
79.9767
80.9413
81.9016
82.8574
83.8084
84.7545
85.6954
86.6308
87.5606
88.4845
89.4022
90.3136
91.2185
92.1165
93.0075
93.8913
94.7676
95.6362
96.497
97.3496
98.1939
99.0297
99.8568
100.675
101.484
102.284
103.074
103.854
104.625
105.385
106.135
106.875
107.604
108.322
109.029
109.725
110.41
111.083
111.744
112.393
113.031
113.656
114.269
114.869
115.457
116.032
116.594
117.143
117.679
118.202
118.711
119.206
119.688
120.156
120.61
121.05
121.475
121.887
122.284
122.667
123.035
123.388
123.727
124.051
124.36
124.654
124.933
125.197
125.446
125.679
125.897
126.1
126.287
126.459
126.616
126.757
126.882
126.992
127.086
127.164
127.227
127.274
127.306
127.321
127.321337
-->6
0
0.5
1.36603
2.36603
3.23205
3.73205
3.732051
